feasible,frr_pred_gp,far_model_gp,frr_pred_exact,frr_emp_model,far_emp_model,far_train,frr_train,far_test,frr_test,stages_gen,stages_imp,dataset,seed,alpha,order,n_stages,method,kind,tag,time
True,0.10391611656143744,0.010000000000000049,0.10391611656143744,0.08527131782945736,0.00998401351310585,0.009984013513105903,0.08527131782945736,0.010565382658405915,0.08108108108108109,1.0,1.0,fing_x_face,0,0.01,face_C,1,LR-P1-N2,GP,sens_nb240,0.004367351531982422
True,0.13967152130842728,0.009999999999999986,0.13967152130842728,0.10465116279069768,0.009999095104515465,0.009999095104515429,0.10465116279069768,0.013109454969920087,0.10810810810810811,1.0,1.0,fing_x_face,0,0.01,face_G,1,LR-P1-N2,GP,sens_nb240,0.0036787986755371094
True,0.15245108140800076,0.009999999999999792,0.15245108140800076,0.1434108527131783,0.009606973727867785,0.009606973727867764,0.1434108527131783,0.010565382658405915,0.10038610038610038,1.0,1.0,fing_x_face,0,0.01,li_V,1,LR-P1-N2,GP,sens_nb240,0.0037534236907958984
True,0.07345172454904511,0.010000000000000004,0.07345172454904511,0.06976744186046512,0.008023406629867558,0.008023406629867584,0.06976744186046512,0.006704378797402053,0.07722007722007722,1.0,1.0,fing_x_face,0,0.01,ri_V,1,LR-P1-N2,GP,sens_nb240,0.0039215087890625
True,0.05355852997779792,0.010000000000000014,0.048051620929571326,0.013896400456703324,0.009959116127088434,0.009305341899677255,0.05426356589147287,0.01167280237047679,0.06563706563706563,1.0926640926640927,1.994492831702134,fing_x_face,0,0.01,face_C>face_G,2,LR-P1-N2,GP,sens_nb240,0.011279582977294922
True,0.053191344035195265,0.010000000000000439,0.047395333255542654,0.015503875968992248,0.009527977450214503,0.009501402588001086,0.015503875968992248,0.010191254377300889,0.003861003861003861,1.084942084942085,1.9925323995091437,fing_x_face,0,0.01,face_C>li_V,2,LR-P1-N2,GP,sens_nb240,0.010645627975463867
True,0.04342216187769516,0.010000000000000137,0.04057274407367364,0.007571660356949703,0.009135396615679945,0.009124362802762947,0.007751937984496124,0.008709706384124988,0.0,1.0888030888030888,1.9937296100086799,fing_x_face,0,0.01,face_C>ri_V,2,LR-P1-N2,GP,sens_nb240,0.010888814926147461
True,0.06897960383489088,0.010000000000000316,0.06314662896673007,0.01334054443843519,0.009947629452462053,0.010044339878744006,0.05426356589147287,0.01225644248900063,0.06177606177606178,1.135135135135135,1.8204034599383436,fing_x_face,0,0.01,face_G>face_C,2,LR-P1-N2,GP,sens_nb240,0.010243892669677734
True,0.07559880006126836,0.010000000000000049,0.0671781789623424,0.019094405384291812,0.009753744592923372,0.009772871233372546,0.01937984496124031,0.012645535901349855,0.007722007722007722,1.1158301158301158,1.8180240040705158,fing_x_face,0,0.01,face_G>li_V,2,LR-P1-N2,GP,sens_nb240,0.010354042053222656
True,0.06263721699886746,0.01000000000000465,0.05853697750801796,0.013295475031548586,0.009418171564339047,0.009516484179410612,0.011627906976744186,0.010894615545778337,0.003861003861003861,1.1235521235521235,1.819086528388854,fing_x_face,0,0.01,face_G>ri_V,2,LR-P1-N2,GP,sens_nb240,0.011453390121459961
True,0.11041828463907079,0.010000000000000467,0.10040869067226693,0.014857881136950905,0.009533463877783522,0.009953850330286852,0.015503875968992248,0.010355870820987101,0.007722007722007722,1.138996138996139,1.856229984136961,fing_x_face,0,0.01,li_V>face_C,2,LR-P1-N2,GP,sens_nb240,0.010934114456176758
True,0.11689892207156409,0.010000000000008486,0.1034262694886142,0.01937984496124031,0.009406573891965754,0.00975778964196302,0.01937984496124031,0.012301337882733231,0.011583011583011582,1.138996138996139,1.856229984136961,fing_x_face,0,0.01,li_V>face_G,2,LR-P1-N2,GP,sens_nb240,0.011209726333618164
True,0.10454171663010105,0.010000000000000023,0.09742063479394344,0.01170302265488853,0.008347657660810855,0.00877748620034386,0.04263565891472868,0.008410403759240969,0.04633204633204633,1.1235521235521235,1.85512256442489,fing_x_face,0,0.01,li_V>ri_V,2,LR-P1-N2,GP,sens_nb240,0.011810302734375
True,0.04386235246420063,0.010000000000002536,0.039875250518936804,0.007571660356949703,0.009142372414656558,0.009154525985581998,0.007751937984496124,0.008739636646613392,0.003861003861003861,1.0772200772200773,1.9890455239292448,fing_x_face,0,0.01,ri_V>face_C,2,LR-P1-N2,GP,sens_nb240,0.010607719421386719
True,0.047239020467271964,0.010000000000000049,0.04188869369451802,0.010726518839012081,0.00899262781078267,0.009033873254305795,0.007751937984496124,0.010670138577115322,0.007722007722007722,1.0772200772200773,1.9890455239292448,fing_x_face,0,0.01,ri_V>face_G,2,LR-P1-N2,GP,sens_nb240,0.011295080184936523
True,0.04732623647165185,0.01000000000000529,0.041616744233740184,0.01170302265488853,0.00921062442884331,0.009229933942629626,0.04263565891472868,0.008619915596659783,0.04633204633204633,1.0733590733590734,1.9867408937176378,fing_x_face,0,0.01,ri_V>li_V,2,LR-P1-N2,GP,sens_nb240,0.009905576705932617
True,0.043377842878601344,0.010000000000008486,0.039718400585444145,0.003021397137638475,0.009726691669234191,0.009305341899677255,0.007751937984496124,0.011343569483104367,0.0,1.1544401544401544,2.8104965430546827,fing_x_face,0,0.01,face_C>face_G>li_V,3,LR-P1-N2,GP,sens_nb240,0.02283191680908203
True,0.04134435745628636,0.01000000000000067,0.03860402302408129,0.0015554186004586598,0.009888350235958484,0.009682381684915392,0.003875968992248062,0.010999371464487744,0.0,1.1467181467181466,2.8101224147735775,fing_x_face,0,0.01,face_C>face_G>ri_V,3,LR-P1-N2,GP,sens_nb240,0.022947311401367188
True,0.04809213299001536,0.010000000000000094,0.042317153241597315,0.00321844477704968,0.009851606776410875,0.009561728953639189,0.007751937984496124,0.011612941845499986,0.0,1.0888030888030888,2.843494657448146,fing_x_face,0,0.01,face_C>li_V>face_G,3,LR-P1-N2,GP,sens_nb240,0.02496337890625
True,0.04562665269074781,0.010000000000000031,0.04114579054726134,0.001741053315128554,0.009654897651674816,0.00975778964196302,0.007751937984496124,0.010266080033521894,0.0,1.0888030888030888,2.8418185627487955,fing_x_face,0,0.01,face_C>li_V>ri_V,3,LR-P1-N2,GP,sens_nb240,0.024427413940429688
True,0.039585501829002626,0.010000000000006018,0.0372348996434209,0.001496723558931918,0.009918881089421898,0.009546647362229663,0.003875968992248062,0.011119092514441351,0.0,1.0888030888030888,2.9767292209152676,fing_x_face,0,0.01,face_C>ri_V>face_G,3,LR-P1-N2,GP,sens_nb240,0.027450084686279297
True,0.03931097727764747,0.010000000000210991,0.03702045787486169,0.0013499859551150634,0.009732199275567167,0.009712544867734443,0.003875968992248062,0.010430696477208104,0.0,1.084942084942085,2.9745592768848583,fing_x_face,0,0.01,face_C>ri_V>li_V,3,LR-P1-N2,GP,sens_nb240,0.02490687370300293
True,0.058861023299655535,0.010000000000021632,0.05523840195312238,0.0027401500636561704,0.009678262495922813,0.009471239405182035,0.011627906976744186,0.012166651701535422,0.0,1.1853281853281854,2.6353147167100657,fing_x_face,0,0.01,face_G>face_C>li_V,3,LR-P1-N2,GP,sens_nb240,0.03912067413330078
True,0.056907832964852606,0.01000000000039059,0.0541870922288464,0.001364659715496749,0.009847511663157336,0.009682381684915392,0.003875968992248062,0.011927209601628207,0.0,1.1814671814671815,2.634805902247763,fing_x_face,0,0.01,face_G>face_C>ri_V,3,LR-P1-N2,GP,sens_nb240,0.026103973388671875
True,0.06758475652136055,0.010000000000044555,0.06029171298897871,0.002873611408080071,0.009832544801982215,0.009712544867734443,0.011627906976744186,0.012436024063931041,0.0,1.1235521235521235,2.5176139594744247,fing_x_face,0,0.01,face_G>li_V>face_C,3,LR-P1-N2,GP,sens_nb240,0.028388023376464844
True,0.06586957495827997,0.010000000005400378,0.05943824958723543,0.0021346827602880527,0.009577328457803817,0.009682381684915392,0.003875968992248062,0.012316303013977433,0.003861003861003861,1.1158301158301158,2.515713387806411,fing_x_face,0,0.01,face_G>li_V>ri_V,3,LR-P1-N2,GP,sens_nb240,0.028278350830078125
True,0.05697518707091304,0.010000000000000404,0.05405724884724483,0.001364659715496749,0.009854492628606897,0.009697463276324918,0.003875968992248062,0.011927209601628207,0.0,1.1235521235521235,2.628056628056628,fing_x_face,0,0.01,face_G>ri_V>face_C,3,LR-P1-N2,GP,sens_nb240,0.026585102081298828
True,0.0573974775685577,0.010000000000003815,0.054162099922238575,0.0016874824438938292,0.009293731580680214,0.009395831448134407,0.003875968992248062,0.011583011583011582,0.003861003861003861,1.1196911196911197,2.627083894525755,fing_x_face,0,0.01,face_G>ri_V>li_V,3,LR-P1-N2,GP,sens_nb240,0.026938915252685547
True,0.10103537431157035,0.010000000000000422,0.09539506728271681,0.0027693811260038137,0.0098824063350429,0.009848279190420172,0.011627906976744186,0.011912244470384005,0.003861003861003861,1.1274131274131274,2.7067881835323697,fing_x_face,0,0.01,li_V>face_C>face_G,3,LR-P1-N2,GP,sens_nb240,0.026010990142822266
True,0.09893178015181277,0.010000000000039493,0.09450748431122168,0.0014539250911520022,0.009661803520721473,0.009938768738877326,0.007751937984496124,0.010535452395917513,0.003861003861003861,1.111969111969112,2.7036455059710875,fing_x_face,0,0.01,li_V>face_C>ri_V,3,LR-P1-N2,GP,sens_nb240,0.030025959014892578
True,0.10362678731160868,0.01000000000003904,0.09646622493776644,0.002838615654153909,0.009288990835156996,0.009742708050553495,0.011627906976744186,0.01167280237047679,0.003861003861003861,1.1312741312741312,2.5569123941216962,fing_x_face,0,0.01,li_V>face_G>face_C,3,LR-P1-N2,GP,sens_nb240,0.026729345321655273
True,0.10220215160268706,0.010000000000001558,0.0958283582262727,0.002721633175555472,0.00915126850355793,0.009501402588001086,0.003875968992248062,0.01140343000808117,0.007722007722007722,1.1158301158301158,2.5539193678728562,fing_x_face,0,0.01,li_V>face_G>ri_V,3,LR-P1-N2,GP,sens_nb240,0.0272369384765625
True,0.09900402589556792,0.01000000000000759,0.09443227156470216,0.0014539250911520022,0.00965047115539145,0.009938768738877326,0.007751937984496124,0.010535452395917513,0.003861003861003861,1.1505791505791505,2.699919188291281,fing_x_face,0,0.01,li_V>ri_V>face_C,3,LR-P1-N2,GP,sens_nb240,0.031020641326904297
True,0.09967330139664565,0.01000000000000146,0.09465759473001266,0.002005413918830348,0.008544409664580858,0.008898138931620064,0.003875968992248062,0.010610278052138516,0.007722007722007722,1.166023166023166,2.7032115171650055,fing_x_face,0,0.01,li_V>ri_V>face_G,3,LR-P1-N2,GP,sens_nb240,0.02723240852355957
True,0.03882478963683594,0.010000000000005333,0.03647855969890948,0.001628554485535632,0.009810036370777608,0.009546647362229663,0.007751937984496124,0.010789859627068929,0.003861003861003861,1.0772200772200773,2.9730178683667057,fing_x_face,0,0.01,ri_V>face_C>face_G,3,LR-P1-N2,GP,sens_nb240,0.02517557144165039
True,0.038618431694808934,0.010000000000003504,0.03631663157012676,0.0015776621578626438,0.008706958563344368,0.008686996651886707,0.007751937984496124,0.008365508365508366,0.003861003861003861,1.0772200772200773,2.9725838795606236,fing_x_face,0,0.01,ri_V>face_C>li_V,3,LR-P1-N2,GP,sens_nb240,0.041227102279663086
True,0.04008869440623244,0.010000000000001043,0.037164903647023184,0.0016993612022980509,0.009243736102774682,0.009380749856724881,0.007751937984496124,0.010281045164766096,0.003861003861003861,1.0810810810810811,2.8012630570770107,fing_x_face,0,0.01,ri_V>face_G>face_C,3,LR-P1-N2,GP,sens_nb240,0.03876519203186035
True,0.04058121357849394,0.010000000000000075,0.0373146074984454,0.0021883700899385057,0.008312157775270822,0.00834012004946762,0.003875968992248062,0.00930831163389303,0.007722007722007722,1.0810810810810811,2.800305288677382,fing_x_face,0,0.01,ri_V>face_G>li_V,3,LR-P1-N2,GP,sens_nb240,0.03268575668334961
True,0.043177528935574756,0.010000000000004686,0.038550311806618345,0.005501612017390503,0.008593147221569404,0.008792567791753386,0.011627906976744186,0.00812606626560115,0.003861003861003861,1.1158301158301158,2.7448145820238845,fing_x_face,0,0.01,ri_V>li_V>face_C,3,LR-P1-N2,GP,sens_nb240,0.029679059982299805
True,0.043882045615267345,0.010000000000009801,0.03880288577850414,0.002239262417611494,0.00924833716941443,0.009425994630953458,0.003875968992248062,0.010251114902277692,0.007722007722007722,1.1158301158301158,2.834545508964114,fing_x_face,0,0.01,ri_V>li_V>face_G,3,LR-P1-N2,GP,sens_nb240,0.03456878662109375
True,0.0415664562772319,0.010000000000002465,0.03852748567418872,0.0004251490507929535,0.009871931729615565,0.009531565770820137,0.003875968992248062,0.01140343000808117,0.0,1.1505791505791505,3.508889287959055,fing_x_face,0,0.01,face_C>face_G>li_V>ri_V,4,LR-P1-N2,GP,sens_nb240,0.06300830841064453
True,0.04025297767384723,0.01000000000000568,0.037839284223440135,0.000426465301724201,0.009819323342642084,0.009561728953639189,0.003875968992248062,0.010789859627068929,0.0,1.1505791505791505,3.6185687348478046,fing_x_face,0,0.01,face_C>face_G>ri_V>li_V,4,LR-P1-N2,GP,sens_nb240,0.09363865852355957
True,0.0450609798935618,0.010000000000000004,0.040827256735078865,0.00047891424508182846,0.009772546684402954,0.009772871233372546,0.003875968992248062,0.010430696477208104,0.0,1.0965250965250966,3.542351321421089,fing_x_face,0,0.01,face_C>li_V>face_G>ri_V,4,LR-P1-N2,GP,sens_nb240,0.04966235160827637
True,0.04469989006325107,0.010000000000005059,0.040639886114530885,0.0007243280124620687,0.009769998473014109,0.009803034416191597,0.003875968992248062,0.010610278052138516,0.0,1.0926640926640927,3.1359881476160547,fing_x_face,0,0.01,face_C>li_V>ri_V>face_G,4,LR-P1-N2,GP,sens_nb240,0.050319671630859375
True,0.038280551226081774,0.01000000000000115,0.03646814106335588,0.0004453153150605854,0.00964157964447736,0.009441076222362984,0.003875968992248062,0.010430696477208104,0.0,1.084942084942085,3.7847415521834127,fing_x_face,0,0.01,face_C>ri_V>face_G>li_V,4,LR-P1-N2,GP,sens_nb240,0.0500340461730957
True,0.038741628627108324,0.010000000000004757,0.03662452185107081,0.0006797704809376154,0.00975445990360298,0.009803034416191597,0.003875968992248062,0.01050552213342911,0.0,1.084942084942085,3.3449762054413217,fing_x_face,0,0.01,face_C>ri_V>li_V>face_G,4,LR-P1-N2,GP,sens_nb240,0.05635356903076172
True,0.057132906181658234,0.01000000000010146,0.05412224609063105,0.00031590022349940814,0.0099347904061058,0.00975778964196302,0.003875968992248062,0.01242105893268684,0.0,1.1737451737451738,3.3323755649337046,fing_x_face,0,0.01,face_G>face_C>li_V>ri_V,4,LR-P1-N2,GP,sens_nb240,0.056159257888793945
True,0.05587026631113898,0.010000000000011782,0.05347271885884287,0.00036525963342119066,0.009784076990305444,0.009531565770820137,0.003875968992248062,0.012002035257849212,0.0,1.1776061776061777,3.441396546047709,fing_x_face,0,0.01,face_G>face_C>ri_V>li_V,4,LR-P1-N2,GP,sens_nb240,0.06133747100830078
True,0.06446823442289952,0.010000000000000848,0.058779340719196174,0.0004060877873071095,0.009774888329809151,0.00965221850209634,0.003875968992248062,0.012301337882733231,0.0,1.1235521235521235,3.2142408188919815,fing_x_face,0,0.01,face_G>li_V>face_C>ri_V,4,LR-P1-N2,GP,sens_nb240,0.0628974437713623
True,0.06447882891072781,0.010000000000000307,0.05874542664132568,0.0005959177132784487,0.00972251132046935,0.009772871233372546,0.003875968992248062,0.012391128670198438,0.0,1.1235521235521235,2.9741402532100207,fing_x_face,0,0.01,face_G>li_V>ri_V>face_C,4,LR-P1-N2,GP,sens_nb240,0.08240032196044922
True,0.055647457979140724,0.010000000000005378,0.05329848754901316,0.000386059648137201,0.009723189824988956,0.009561728953639189,0.003875968992248062,0.012211547095268026,0.0,1.111969111969112,3.4335398521445035,fing_x_face,0,0.01,face_G>ri_V>face_C>li_V,4,LR-P1-N2,GP,sens_nb240,0.056874752044677734
True,0.05649675922778774,0.010000000000005822,0.05362134663377108,0.0003301596085879231,0.009700727453690343,0.00962205531927729,0.003875968992248062,0.01198707012660501,0.0,1.1235521235521235,3.3208075184819372,fing_x_face,0,0.01,face_G>ri_V>li_V>face_C,4,LR-P1-N2,GP,sens_nb240,0.10040736198425293
True,0.09845562676725736,0.010000000000001435,0.09425509515826755,0.0004647097037821155,0.009060025129286046,0.009199770759810575,0.003875968992248062,0.010310975427254497,0.003861003861003861,1.111969111969112,3.404552392924486,fing_x_face,0,0.01,li_V>face_C>face_G>ri_V,4,LR-P1-N2,GP,sens_nb240,0.08869791030883789
True,0.09811569802541097,0.010000000000000191,0.09411054886844514,0.0004921370148536048,0.008832828094590848,0.009094199619943897,0.003875968992248062,0.010281045164766096,0.003861003861003861,1.111969111969112,3.40784472179821,fing_x_face,0,0.01,li_V>face_C>ri_V>face_G,4,LR-P1-N2,GP,sens_nb240,0.058780670166015625
True,0.1009346050901225,0.010000000000006852,0.09526664448685779,0.0005049345759912125,0.008384617535280213,0.00861158869483908,0.003875968992248062,0.010595312920894316,0.003861003861003861,1.1158301158301158,3.2552303133698484,fing_x_face,0,0.01,li_V>face_G>face_C>ri_V,4,LR-P1-N2,GP,sens_nb240,0.0543670654296875
True,0.10094785065736404,0.010000000000004507,0.09524988083470126,0.0005049345759912125,0.008393944868463411,0.008626670286248604,0.003875968992248062,0.010610278052138516,0.003861003861003861,1.1196911196911197,3.2509203555715183,fing_x_face,0,0.01,li_V>face_G>ri_V>face_C,4,LR-P1-N2,GP,sens_nb240,0.05741000175476074
True,0.09791752806608274,0.01000000000000933,0.09399455087157585,0.00048036658985936245,0.008387754233453103,0.00874732301752481,0.003875968992248062,0.009876986621172668,0.003861003861003861,1.1505791505791505,3.4321331298075486,fing_x_face,0,0.01,li_V>ri_V>face_C>face_G,4,LR-P1-N2,GP,sens_nb240,0.06395626068115234
True,0.09814852198026845,0.01000000000000227,0.0940623092887018,0.00044888625508702557,0.008291579402604662,0.00861158869483908,0.003875968992248062,0.009502858340067642,0.003861003861003861,1.1544401544401544,3.398102421358235,fing_x_face,0,0.01,li_V>ri_V>face_G>face_C,4,LR-P1-N2,GP,sens_nb240,0.0742800235748291
True,0.03759533764460814,0.010000000000009873,0.03578343592685091,0.00043996906127811096,0.009827651953532588,0.00965221850209634,0.007751937984496124,0.009413067552602437,0.003861003861003861,1.0772200772200773,3.782706294334201,fing_x_face,0,0.01,ri_V>face_C>face_G>li_V,4,LR-P1-N2,GP,sens_nb240,0.0522615909576416
True,0.03806482461249348,0.010000000000002243,0.035946631807875176,0.0006018570924805596,0.008485919774535718,0.008490935963562875,0.007751937984496124,0.008500194546706174,0.003861003861003861,1.0772200772200773,3.488596569991919,fing_x_face,0,0.01,ri_V>face_C>li_V>face_G,4,LR-P1-N2,GP,sens_nb240,0.05481410026550293
True,0.038803503694968246,0.010000000000001594,0.036446634099289714,0.00047763658792788593,0.009035507107911159,0.00904895484571532,0.007751937984496124,0.009368172158869833,0.003861003861003861,1.0772200772200773,3.6113405764568554,fing_x_face,0,0.01,ri_V>face_G>face_C>li_V,4,LR-P1-N2,GP,sens_nb240,0.04895925521850586
True,0.0396812242385899,0.010000000000003211,0.036783850018223485,0.0004325847852204022,0.009551996916276423,0.009576810545048714,0.007751937984496124,0.010685103708359522,0.003861003861003861,1.0810810810810811,3.4949567507707044,fing_x_face,0,0.01,ri_V>face_G>li_V>face_C,4,LR-P1-N2,GP,sens_nb240,0.05282092094421387
True,0.04200815990185548,0.010000000000004535,0.038044781918277884,0.0005415993415148674,0.007896557721114913,0.00834012004946762,0.007751937984496124,0.008155996528089552,0.003861003861003861,1.1158301158301158,3.375744515279399,fing_x_face,0,0.01,ri_V>li_V>face_C>face_G,4,LR-P1-N2,GP,sens_nb240,0.052887678146362305
True,0.042243789182505376,0.010000000000002446,0.03812498053299891,0.0005286532733277464,0.008110189287728298,0.008264712092419992,0.003875968992248062,0.00797641495315914,0.003861003861003861,1.1196911196911197,3.534195324892999,fing_x_face,0,0.01,ri_V>li_V>face_G>face_C,4,LR-P1-N2,GP,sens_nb240,0.05170750617980957
True,,,,,,0.009999095104515429,0.015503875968992248,0.009098799796474216,0.007722007722007722,4.0,4.0,fing_x_face,0,0.01,parallel(face_C+face_G+li_V+ri_V),4,P0-Parallel,rule,sens_nb240,0.0
True,0.18367895093764838,0.0010000000000000065,0.18367895093764838,0.16666666666666666,0.0009953850330286507,0.0009953850330286851,0.16666666666666666,0.0009876986621172668,0.15444015444015444,1.0,1.0,fing_x_face,0,0.001,face_C,1,LR-P1-N2,GP,sens_nb240,0.004297733306884766
True,0.23909592439397168,0.0010000000000000037,0.23909592439397168,0.2364341085271318,0.0009953850330286507,0.0009953850330286851,0.2364341085271318,0.0015264433869085032,0.20077220077220076,1.0,1.0,fing_x_face,0,0.001,face_G,1,LR-P1-N2,GP,sens_nb240,0.004066944122314453
True,0.19898373871328714,0.0010000000000000065,0.19898373871328714,0.1821705426356589,0.0008596507103429962,0.0008596507103429554,0.1821705426356589,0.0009727335308730657,0.15444015444015444,1.0,1.0,fing_x_face,0,0.001,li_V,1,LR-P1-N2,GP,sens_nb240,0.0045261383056640625
True,0.10846541350107385,0.0009999999999999994,0.10846541350107385,0.10077519379844961,0.000965221850209641,0.0009652218502096341,0.10077519379844961,0.0008380473496752566,0.10038610038610038,1.0,1.0,fing_x_face,0,0.001,ri_V,1,LR-P1-N2,GP,sens_nb240,0.0034492015838623047
True,0.09109701947490137,0.0010000000000002169,0.0815222590670818,0.040382188570398415,0.0009929535454985979,0.0017796277863240128,0.12403100775193798,0.002529107180269971,0.138996138996139,1.1891891891891893,1.337478674687977,fing_x_face,0,0.001,face_C>face_G,2,LR-P1-N2,GP,sens_nb240,0.012654304504394531
True,0.07919066792884895,0.0010000000000000037,0.07162447573849824,0.03569497025419146,0.0009800987326596463,0.0009803034416191597,0.031007751937984496,0.0011074197120708748,0.007722007722007722,1.16988416988417,1.9992367783065457,fing_x_face,0,0.001,face_C>li_V,2,LR-P1-N2,GP,sens_nb240,0.013655424118041992
True,0.05971369794888932,0.0010000000000000091,0.05550532831416501,0.018929150892374257,0.0009650000821701832,0.0009652218502096341,0.023255813953488372,0.0008230822184310556,0.007722007722007722,1.1891891891891893,1.999401394750232,fing_x_face,0,0.001,face_C>ri_V,2,LR-P1-N2,GP,sens_nb240,0.018177270889282227
True,0.10771411904233966,0.0010000000000000367,0.09747567432878607,0.05426356589147286,0.0009881638107551481,0.0013422616354477725,0.13178294573643412,0.0018107808805483223,0.13127413127413126,1.2162162162162162,1.5067043787974022,fing_x_face,0,0.001,face_G>face_C,2,LR-P1-N2,GP,sens_nb240,0.02070760726928711
True,0.10783114736190466,0.0010000000000000224,0.09683908043959684,0.05273120605732829,0.0009214550746686463,0.000904895484571532,0.050387596899224806,0.0014815479931759002,0.011583011583011582,1.2084942084942085,1.8262548262548262,fing_x_face,0,0.001,face_G>li_V,2,LR-P1-N2,GP,sens_nb240,0.011501073837280273
True,0.08272304927619116,0.0010000000000000002,0.07666757204844038,0.028183402439757227,0.0008954659075338095,0.000904895484571532,0.015503875968992248,0.001092454580826674,0.011583011583011582,1.22007722007722,1.8264643380922452,fing_x_face,0,0.001,face_G>ri_V,2,LR-P1-N2,GP,sens_nb240,0.01092386245727539
True,0.13533254373160683,0.0010000000000000091,0.11785118871377197,0.05103359173126615,0.0008932429956880658,0.0009652218502096341,0.050387596899224806,0.0010176289246056687,0.02702702702702703,1.166023166023166,1.6958935679865912,fing_x_face,0,0.001,li_V>face_C,2,LR-P1-N2,GP,sens_nb240,0.01485753059387207
True,0.14751288503392695,0.0010000000000002151,0.126215393320988,0.08977825851811791,0.000863594542174934,0.0009953850330286851,0.08527131782945736,0.001346861811978091,0.04247104247104247,1.1467181467181466,1.3764478764478765,fing_x_face,0,0.001,li_V>face_G,2,LR-P1-N2,GP,sens_nb240,0.017589092254638672
True,0.11677935851800163,0.001000000000000263,0.10626289813192025,0.021903731746890212,0.0008870207531369049,0.0009652218502096341,0.07364341085271318,0.0008829427434078596,0.05405405405405406,1.1814671814671815,1.858699230792254,fing_x_face,0,0.001,li_V>ri_V,2,LR-P1-N2,GP,sens_nb240,0.01189732551574707
True,0.06000235417382908,0.0010000000000020199,0.05313316427570042,0.027777777777777776,0.000909831699948295,0.001070792990076313,0.03488372093023256,0.0009428032683846638,0.015444015444015444,1.1196911196911197,1.6426775612822124,fing_x_face,0,0.001,ri_V>face_C,2,LR-P1-N2,GP,sens_nb240,0.014747381210327148
True,0.06691363718903366,0.0010000000000000998,0.058233209082470413,0.041103299080584105,0.0008305620221068987,0.0008596507103429554,0.03488372093023256,0.0011074197120708748,0.023166023166023165,1.111969111969112,1.3328095537397864,fing_x_face,0,0.001,ri_V>face_G,2,LR-P1-N2,GP,sens_nb240,0.014887809753417969
True,0.059915273656336594,0.0010000000000003279,0.052462025113853894,0.021903731746890212,0.0007980051091880914,0.0007993243447048532,0.07364341085271318,0.0006584657747448446,0.05791505791505792,1.1158301158301158,1.9911855376971657,fing_x_face,0,0.001,ri_V>li_V,2,LR-P1-N2,GP,sens_nb240,0.012662887573242188
True,0.06026997480208533,0.001000000000002234,0.053901931270635105,0.011957018459590562,0.0009195716296019895,0.0008898138931620064,0.03488372093023256,0.0011972104995360809,0.007722007722007722,1.3706563706563706,2.825865732842477,fing_x_face,0,0.001,face_C>face_G>li_V,3,LR-P1-N2,GP,sens_nb240,0.02294158935546875
True,0.05361264988604158,0.001000000000001669,0.04917963840829734,0.006980517438716088,0.0009667911923041826,0.0009803034416191597,0.011627906976744186,0.0009876986621172668,0.011583011583011582,1.3474903474903475,2.8259106282362096,fing_x_face,0,0.001,face_C>face_G>ri_V,3,LR-P1-N2,GP,sens_nb240,0.022850513458251953
True,0.06731270949210402,0.001000000000000233,0.05760509271245497,0.023496184123550267,0.0009684883313129919,0.0009803034416191597,0.03488372093023256,0.00133189668073389,0.003861003861003861,1.1814671814671815,2.1290742569812338,fing_x_face,0,0.001,face_C>li_V>face_G,3,LR-P1-N2,GP,sens_nb240,0.0244143009185791
True,0.05877592578239262,0.001000000000018882,0.0522985065378586,0.0058108091111474455,0.0008859717629958321,0.000904895484571532,0.01937984496124031,0.0009278381371404627,0.0,1.1853281853281854,2.8574720900302295,fing_x_face,0,0.001,face_C>li_V>ri_V,3,LR-P1-N2,GP,sens_nb240,0.02681279182434082
True,0.049593921305077227,0.0010000000000002641,0.04522260770557608,0.009904788257637692,0.0009333711464617072,0.0008898138931620064,0.007751937984496124,0.001167280237047679,0.011583011583011582,1.196911196911197,2.1582712280386698,fing_x_face,0,0.001,face_C>ri_V>face_G,3,LR-P1-N2,GP,sens_nb240,0.028876304626464844
True,0.04741489679073124,0.0010000000000001744,0.043689048249573745,0.005848541637843209,0.0009193609403782287,0.0009199770759810575,0.01937984496124031,0.0009278381371404627,0.0,1.1891891891891893,2.990093083116339,fing_x_face,0,0.001,face_C>ri_V>li_V,3,LR-P1-N2,GP,sens_nb240,0.04341268539428711
True,0.07453822014818261,0.0010000000000005439,0.06825530635641006,0.01195701845959056,0.000923217022425606,0.0009199770759810575,0.03488372093023256,0.0014366525994432972,0.007722007722007722,1.386100386100386,2.6526443386908505,fing_x_face,0,0.001,face_G>face_C>li_V,3,LR-P1-N2,GP,sens_nb240,0.04177117347717285
True,0.06813461255609711,0.0010000000000002925,0.06375129394007004,0.007521350321355352,0.0009511689374991684,0.0009803034416191597,0.015503875968992248,0.001242105893268684,0.015444015444015444,1.393822393822394,2.6527341294783153,fing_x_face,0,0.001,face_G>face_C>ri_V,3,LR-P1-N2,GP,sens_nb240,0.03093099594116211
True,0.0891602077171296,0.0010000000000001228,0.07752743680936987,0.02473809666887006,0.0009423344203486967,0.0010255482158477362,0.046511627906976744,0.0016311993056179102,0.011583011583011582,1.2123552123552124,2.0438029391517762,fing_x_face,0,0.001,face_G>li_V>face_C,3,LR-P1-N2,GP,sens_nb240,0.035462379455566406
True,0.08209254159903037,0.0010000000000384645,0.07312871953664236,0.008447893476884636,0.0009706944090290265,0.0009803034416191597,0.023255813953488372,0.0014516177306874982,0.003861003861003861,1.22007722007722,2.5346143485678367,fing_x_face,0,0.001,face_G>li_V>ri_V,3,LR-P1-N2,GP,sens_nb240,0.038178443908691406
True,0.06787275222915554,0.0010000000000000393,0.06280315312046117,0.011072050958476054,0.000978798436946093,0.001131119355714415,0.011627906976744186,0.0014067223369548952,0.007722007722007722,1.2393822393822393,2.0996378438238903,fing_x_face,0,0.001,face_G>ri_V>face_C,3,LR-P1-N2,GP,sens_nb240,0.02507781982421875
True,0.06733672614764077,0.0010000000000001219,0.062246883546627524,0.007509238646119676,0.0009145341376068118,0.000904895484571532,0.01937984496124031,0.001421687468199096,0.003861003861003861,1.22007722007722,2.6447726796564006,fing_x_face,0,0.001,face_G>ri_V>li_V,3,LR-P1-N2,GP,sens_nb240,0.024251699447631836
True,0.1131717128677977,0.0010000000000000846,0.10302510152006038,0.008791678720112694,0.0009720721898627669,0.0017645461949144874,0.01937984496124031,0.00251414204902577,0.007722007722007722,1.1891891891891893,2.097303283349795,fing_x_face,0,0.001,li_V>face_C>face_G,3,LR-P1-N2,GP,sens_nb240,0.026841402053833008
True,0.10544930414693061,0.0010000000000001245,0.09909764120730426,0.004628523274680218,0.0008742058532724758,0.0009199770759810575,0.01937984496124031,0.0009278381371404627,0.003861003861003861,1.193050193050193,2.7169944030409146,fing_x_face,0,0.001,li_V>face_C>ri_V,3,LR-P1-N2,GP,sens_nb240,0.027873992919921875
True,0.11707129647129363,0.0010000000000001778,0.10522327590952472,0.012303948080043267,0.000957432649396225,0.0014025880010858746,0.023255813953488372,0.0017509203555715184,0.011583011583011582,1.193050193050193,2.202433330340307,fing_x_face,0,0.001,li_V>face_G>face_C,3,LR-P1-N2,GP,sens_nb240,0.027292728424072266
True,0.11073988217538462,0.0010000000000001228,0.10190625967994951,0.007144025054397726,0.0008193510957462196,0.0008747323017524809,0.015503875968992248,0.0010325940558498698,0.011583011583011582,1.196911196911197,2.567537637305079,fing_x_face,0,0.001,li_V>face_G>ri_V,3,LR-P1-N2,GP,sens_nb240,0.025986433029174805
True,0.10541668450206122,0.001000000000000104,0.09865494608764384,0.007706868577609518,0.000836789877107233,0.0010104666244382108,0.027131782945736434,0.0010625243183382718,0.007722007722007722,1.2316602316602316,2.2773487773487773,fing_x_face,0,0.001,li_V>ri_V>face_C,3,LR-P1-N2,GP,sens_nb240,0.02843332290649414
True,0.10703686846533995,0.0010000000000001219,0.09935608853421539,0.01056510747481354,0.0007748691714993723,0.0007993243447048532,0.03488372093023256,0.001227140762024483,0.019305019305019305,1.223938223938224,2.066759450480381,fing_x_face,0,0.001,li_V>ri_V>face_G,3,LR-P1-N2,GP,sens_nb240,0.029401302337646484
True,0.046840587024605584,0.0010000000000000252,0.042337500441793456,0.005664071507330592,0.0009621620161860905,0.0018550357433716406,0.007751937984496124,0.002409386130316363,0.007722007722007722,1.135135135135135,2.1941127173685313,fing_x_face,0,0.001,ri_V>face_C>face_G,3,LR-P1-N2,GP,sens_nb240,0.02526068687438965
True,0.044960452322197614,0.001000000000000027,0.04120450975166745,0.004852123432877329,0.0008725743904711091,0.0008747323017524809,0.01937984496124031,0.0008230822184310556,0.003861003861003861,1.1312741312741312,2.982131633294424,fing_x_face,0,0.001,ri_V>face_C>li_V,3,LR-P1-N2,GP,sens_nb240,0.02566051483154297
True,0.04911283911890007,0.0010000000000000154,0.04391918044234233,0.006449932896660858,0.0009400258529550492,0.0015081591409525533,0.007751937984496124,0.0016611295681063123,0.015444015444015444,1.135135135135135,2.2877944389572296,fing_x_face,0,0.001,ri_V>face_G>face_C,3,LR-P1-N2,GP,sens_nb240,0.02567005157470703
True,0.04882083166271353,0.0010000000000001833,0.04366117764543752,0.006598300918297899,0.0009044168820262468,0.0008747323017524809,0.015503875968992248,0.0011523151058034779,0.011583011583011582,1.138996138996139,2.8102720660860196,fing_x_face,0,0.001,ri_V>face_G>li_V,3,LR-P1-N2,GP,sens_nb240,0.02350902557373047
True,0.05154384049598707,0.0010000000000000057,0.04483277690173421,0.010275824770146026,0.0008223214342196552,0.0009199770759810575,0.04263565891472868,0.0008230822184310556,0.023166023166023165,1.1544401544401544,2.2549609410074525,fing_x_face,0,0.001,ri_V>li_V>face_C,3,LR-P1-N2,GP,sens_nb240,0.027289390563964844
True,0.053145095307893075,0.0010000000000000685,0.04561913499774628,0.011036764058510572,0.0008732592164585808,0.000935058667390583,0.03488372093023256,0.001047559187094071,0.03088803088803089,1.1467181467181466,2.1763940019753973,fing_x_face,0,0.001,ri_V>li_V>face_G,3,LR-P1-N2,GP,sens_nb240,0.027006149291992188
True,0.05273901740442741,0.0010000000000001228,0.04772942099380249,0.005587680203283744,0.0009770736252796802,0.0009803034416191597,0.015503875968992248,0.001257071024512885,0.0,1.359073359073359,3.5342851156804644,fing_x_face,0,0.001,face_C>face_G>li_V>ri_V,4,LR-P1-N2,GP,sens_nb240,0.049395084381103516
True,0.04888270839404503,0.0010000000000001078,0.0452340267509449,0.001872184137070277,0.0009603091152157823,0.0009501402588001085,0.011627906976744186,0.0010176289246056687,0.0,1.3397683397683398,3.644637993475203,fing_x_face,0,0.001,face_C>face_G>ri_V>li_V,4,LR-P1-N2,GP,sens_nb240,0.048345088958740234
True,0.05726209665816967,0.0010000000000007473,0.051299831865090885,0.0021396390137946027,0.0009385415830155695,0.0009803034416191597,0.011627906976744186,0.0009727335308730657,0.0,1.2007722007722008,3.5663703570680316,fing_x_face,0,0.001,face_C>li_V>face_G>ri_V,4,LR-P1-N2,GP,sens_nb240,0.05351138114929199
True,0.0558585322457618,0.001000000000000455,0.05027464366204432,0.002626603108321699,0.0009492706910838658,0.000935058667390583,0.011627906976744186,0.001167280237047679,0.0,1.1853281853281854,2.907440663254617,fing_x_face,0,0.001,face_C>li_V>ri_V>face_G,4,LR-P1-N2,GP,sens_nb240,0.04910135269165039
True,0.04482807984999159,0.0010000000000006443,0.041852360053611634,0.002027026434121202,0.0009124911664338352,0.0008898138931620064,0.011627906976744186,0.0008530124809194577,0.0,1.2084942084942085,3.80923947203017,fing_x_face,0,0.001,face_C>ri_V>face_G>li_V,4,LR-P1-N2,GP,sens_nb240,0.050797224044799805
True,0.04554944533259234,0.0010000000000005642,0.041983240955633494,0.007061296245867094,0.0009929294901309354,0.0010557113986667873,0.01937984496124031,0.001122384843315076,0.0,1.1853281853281854,3.052243273173506,fing_x_face,0,0.001,face_C>ri_V>li_V>face_G,4,LR-P1-N2,GP,sens_nb240,0.04866957664489746
True,0.06732608256302594,0.0010000000000000447,0.062397852813255425,0.0017376462293847074,0.0009736271559653485,0.0009953850330286851,0.015503875968992248,0.0014067223369548952,0.0,1.393822393822394,3.361093651791326,fing_x_face,0,0.001,face_G>face_C>li_V>ri_V,4,LR-P1-N2,GP,sens_nb240,0.04468894004821777
True,0.06361770336132348,0.0010000000000003307,0.060019238432150485,0.0019316185541201271,0.0009512211484554194,0.000935058667390583,0.015503875968992248,0.0014965131244201013,0.0,1.3783783783783783,3.470653377630122,fing_x_face,0,0.001,face_G>face_C>ri_V>li_V,4,LR-P1-N2,GP,sens_nb240,0.05385017395019531
True,0.07830988767104882,0.0010000000000006503,0.07095245567854466,0.002380789184408348,0.0009409397004979095,0.0009199770759810575,0.015503875968992248,0.0014366525994432972,0.0,1.2393822393822393,3.207192242075963,fing_x_face,0,0.001,face_G>li_V>face_C>ri_V,4,LR-P1-N2,GP,sens_nb240,0.05197501182556152
True,0.07786492079454772,0.001000000000000026,0.07043398892269853,0.0036390925746579966,0.0009198838764545849,0.0009501402588001085,0.015503875968992248,0.0015114782556643021,0.003861003861003861,1.22007722007722,2.59215527820179,fing_x_face,0,0.001,face_G>li_V>ri_V>face_C,4,LR-P1-N2,GP,sens_nb240,0.08880424499511719
True,0.06269178781274903,0.001000000000000288,0.05921891848800234,0.00209929836025359,0.000910167255930542,0.0008898138931620064,0.015503875968992248,0.0013917572057106941,0.0,1.2316602316602316,3.353266888150609,fing_x_face,0,0.001,face_G>ri_V>face_C>li_V,4,LR-P1-N2,GP,sens_nb240,0.05192995071411133
True,0.06448607291284467,0.0010000000000009851,0.05997129101890056,0.003601330933358302,0.0009845225420453117,0.0011160377643048894,0.015503875968992248,0.001466582861931699,0.003861003861003861,1.223938223938224,2.751114902277693,fing_x_face,0,0.001,face_G>ri_V>li_V>face_C,4,LR-P1-N2,GP,sens_nb240,0.05429649353027344
True,0.1039550630497993,0.0010000000000010589,0.09814780308604253,0.0016216211472969615,0.000872203696542284,0.000935058667390583,0.015503875968992248,0.0008679776121636587,0.003861003861003861,1.196911196911197,3.4259674957349375,fing_x_face,0,0.001,li_V>face_C>face_G>ri_V,4,LR-P1-N2,GP,sens_nb240,0.05251955986022949
True,0.10286905571522256,0.0010000000000005545,0.09744400234098727,0.0025131617780619585,0.0008025964058478309,0.0007842427532953277,0.015503875968992248,0.0010176289246056687,0.003861003861003861,1.193050193050193,2.7877046481697643,fing_x_face,0,0.001,li_V>face_C>ri_V>face_G,4,LR-P1-N2,GP,sens_nb240,0.05185747146606445
True,0.10709258036986938,0.001000000000000994,0.09988904137535864,0.001706397457276201,0.0009566708989086173,0.0010255482158477362,0.015503875968992248,0.0011972104995360809,0.007722007722007722,1.2007722007722008,3.275986950405555,fing_x_face,0,0.001,li_V>face_G>face_C>ri_V,4,LR-P1-N2,GP,sens_nb240,0.05461478233337402
True,0.10691365411219086,0.0010000000000000295,0.09962740995889138,0.0028464474826115937,0.000916569410188485,0.0010255482158477362,0.011627906976744186,0.001257071024512885,0.003861003861003861,1.2007722007722008,2.6864655353027445,fing_x_face,0,0.001,li_V>face_G>ri_V>face_C,4,LR-P1-N2,GP,sens_nb240,0.0513918399810791
True,0.1021324826672221,0.0010000000000008084,0.09695174199762761,0.001398930989743675,0.0009451005679705464,0.0017343830120954363,0.007751937984496124,0.002379455867827961,0.003861003861003861,1.2355212355212355,2.825326988117686,fing_x_face,0,0.001,li_V>ri_V>face_C>face_G,4,LR-P1-N2,GP,sens_nb240,0.051431894302368164
True,0.1027029421581931,0.001000000000000058,0.09720798454139863,0.0016947028656689436,0.0009537767374367598,0.0015684855065906554,0.007751937984496124,0.0015713387806411063,0.007722007722007722,1.2355212355212355,2.8833168716889648,fing_x_face,0,0.001,li_V>ri_V>face_G>face_C,4,LR-P1-N2,GP,sens_nb240,0.0517878532409668
True,0.042304545696235984,0.0010000000000008477,0.039334325343748186,0.0015989596034861415,0.0009474363380307209,0.0009199770759810575,0.011627906976744186,0.0008979078746520607,0.007722007722007722,1.1467181467181466,3.80136781299572,fing_x_face,0,0.001,ri_V>face_C>face_G>li_V,4,LR-P1-N2,GP,sens_nb240,0.04784345626831055
True,0.043134483216326194,0.0010000000000005207,0.03956610064973725,0.006482145836118178,0.0008482960482045522,0.000935058667390583,0.01937984496124031,0.0009128730058962617,0.003861003861003861,1.1312741312741312,2.941067313160336,fing_x_face,0,0.001,ri_V>face_C>li_V>face_G,4,LR-P1-N2,GP,sens_nb240,0.049039602279663086
True,0.044014578018516375,0.0010000000000003023,0.04053888649017936,0.001662571176269107,0.0008506853420556775,0.0008596507103429554,0.011627906976744186,0.001047559187094071,0.007722007722007722,1.1505791505791505,3.6292837688186523,fing_x_face,0,0.001,ri_V>face_G>face_C>li_V,4,LR-P1-N2,GP,sens_nb240,0.04467654228210449
True,0.045951088412843455,0.0010000000000003858,0.04139033044766933,0.003337737014226715,0.0008349875759353476,0.0009501402588001085,0.015503875968992248,0.001092454580826674,0.007722007722007722,1.1428571428571428,2.916704079494777,fing_x_face,0,0.001,ri_V>face_G>li_V>face_C,4,LR-P1-N2,GP,sens_nb240,0.0429682731628418
True,0.04814004293703189,0.0010000000000009,0.04286680173645829,0.0015732123630477469,0.0008330715749768814,0.0015383223237716043,0.007751937984496124,0.0020651881116997397,0.003861003861003861,1.1776061776061777,2.9321331298075486,fing_x_face,0,0.001,ri_V>li_V>face_C>face_G,4,LR-P1-N2,GP,sens_nb240,0.058922767639160156
True,0.04873805024453273,0.0010000000000000074,0.043148355940425334,0.0019332679302870607,0.0008416304208458803,0.0014327511839049257,0.007751937984496124,0.0013169315494896891,0.007722007722007722,1.1814671814671815,2.986276974649068,fing_x_face,0,0.001,ri_V>li_V>face_G>face_C,4,LR-P1-N2,GP,sens_nb240,0.08220720291137695
True,,,,,,0.0009953850330286851,0.03875968992248062,0.0009128730058962617,0.015444015444015444,4.0,4.0,fing_x_face,0,0.001,parallel(face_C+face_G+li_V+ri_V),4,P0-Parallel,rule,sens_nb240,0.0
